districts = { "distr1" , "distr2" };
basic_units = { "Ward1" , "Ward2" , "Ward3" , "Ward4" , "Ward5" , "Ward6" , "Ward7" , "Ward8" , "Ward9" , "Ward10" };
activity_types = { "Advice.for.district.nursing" , "Advice.for.physiotherapy" , "Assessment" , "Balance.therapy" , "Bandaging" , "Bereavement.support" , "Bladder.care" , "Blood.monitoring" , "Bowel.care" , "Carer.support" , "Catheter.care" , "Central.line.care" , "Continence.advice" , "Continence.assessment" , "Daily.living" , "Diabetic.care" , "Discharge.planning" , "Doppler.assessment" , "End.of.life.care" , "Equipment.assessment" , "Feeding.management" , "Gastrostomy" , "Health.promotion" , "Hydration" , "Liaison" , "Medication" , "Mobility.therapy" , "Nutritional.advice" , "Observations" , "Palliative.care" , "Physio.discharge.planning" , "Physiotherapy.assessment" , "Post.operative.care" , "Prevention.of.admission" , "Reassessment" , "Rehabilitation" , "Review" , "Risk.assessment" , "Screening" , "Supervision.of.medication" , "Support" , "Treatment" , "Treatment.programme" , "Ulcer.care" , "Wound.care" };
activity_times = [ 0.18 , 0.38 , 0.6 , 0.25 , 0.15 , 0.27 , 0.18 , 0.13 , 0.15 , 0.15 , 0.17 , 0.13 , 0.15 , 0.18 , 0.48 , 0.12 , 0.22 , 0.2 , 0.18 , 0.2 , 0.08 , 0.33 , 0.18 , 0.18 , 0.32 , 0.17 , 0.43 , 0.33 , 0.37 , 0.17 , 0.45 , 0.82 , 0.18 , 0.23 , 0.13 , 0.6 , 0.52 , 0.27 , 0.9 , 0.18 , 0.15 , 0.35 , 0.27 , 0.17 , 0.2 ];
basic_unit_distances = [
[ 0 , 5.34881676988296 , 4.00971348141619 , 3.19868159828527 , 1.79691889187536 , 4.01777744810435 , 2.94926458622539 , 2.33618421053407 , 1.55797380168636 , 2.39329820171196 ],
[ 5.34881676988296 , 0 , 3.82512832537547 , 3.40942579524767 , 4.6792579803219 , 1.3984562219001 , 2.71234583837388 , 3.40092116543835 , 4.86118090920899 , 6.40810195875234 ],
[ 4.00971348141619 , 3.82512832537547 , 0 , 0.959512837441255 , 2.29889632602591 , 2.75960824690759 , 1.93379937318289 , 3.94115923226655 , 4.75399265426207 , 6.20894878487555 ],
[ 3.19868159828527 , 3.40942579524767 , 0.959512837441255 , 0 , 1.66374758621829 , 2.13947476860981 , 1.04346834283292 , 2.98798331870642 , 3.81414696743189 , 5.30212047797928 ],
[ 1.79691889187536 , 4.6792579803219 , 2.29889632602591 , 1.66374758621829 , 0 , 3.28515235364063 , 1.96753720285295 , 2.81128073527051 , 2.9431247452724 , 4.1506750210382 ],
[ 4.01777744810435 , 1.3984562219001 , 2.75960824690759 , 2.13947476860981 , 3.28515235364063 , 0 , 1.32309134474963 , 2.3507077921126 , 3.75063392664041 , 5.34942082088054 ],
[ 2.94926458622539 , 2.71234583837388 , 1.93379937318289 , 1.04346834283292 , 1.96753720285295 , 1.32309134474963 , 0 , 2.06459344721875 , 3.13630635076042 , 4.71465852907881 ],
[ 2.33618421053407 , 3.40092116543835 , 3.94115923226655 , 2.98798331870642 , 2.81128073527051 , 2.3507077921126 , 2.06459344721875 , 0 , 1.46112305338504 , 3.02248992067124 ],
[ 1.55797380168636 , 4.86118090920899 , 4.75399265426207 , 3.81414696743189 , 2.9431247452724 , 3.75063392664041 , 3.13630635076042 , 1.46112305338504 , 0 , 1.60614559973229 ],
[ 2.39329820171196 , 6.40810195875234 , 6.20894878487555 , 5.30212047797928 , 4.1506750210382 , 5.34942082088054 , 4.71465852907881 , 3.02248992067124 , 1.60614559973229 , 0 ]
];
basic_unit_compatibility = [
[ 1 , 1 , 1 , 1 , 1 , 1 , 1 , 1 , 1 , 1 ],
[ 1 , 1 , 1 , 1 , 1 , 1 , 1 , 1 , 1 , 1 ],
[ 1 , 1 , 1 , 1 , 1 , 1 , 1 , 1 , 1 , 1 ],
[ 1 , 1 , 1 , 1 , 1 , 1 , 1 , 1 , 1 , 1 ],
[ 1 , 1 , 1 , 1 , 1 , 1 , 1 , 1 , 1 , 1 ],
[ 1 , 1 , 1 , 1 , 1 , 1 , 1 , 1 , 1 , 1 ],
[ 1 , 1 , 1 , 1 , 1 , 1 , 1 , 1 , 1 , 1 ],
[ 1 , 1 , 1 , 1 , 1 , 1 , 1 , 1 , 1 , 1 ],
[ 1 , 1 , 1 , 1 , 1 , 1 , 1 , 1 , 1 , 1 ],
[ 1 , 1 , 1 , 1 , 1 , 1 , 1 , 1 , 1 , 1 ]
];
basic_unit_annual_demand = [
[ 155 , 4 , 28 , 57 , 94 , 1 , 0 , 54 , 0 , 2 , 11 , 0 , 0 , 0 , 15 , 0 , 1 , 1 , 1 , 6 , 0 , 0 , 2 , 0 , 2 , 17 , 72 , 0 , 60 , 9 , 1 , 4 , 3 , 6 , 7 , 20 , 4 , 2 , 1 , 0 , 8 , 19 , 0 , 91 , 105 ],
[ 141 , 3 , 8 , 19 , 36 , 0 , 0 , 53 , 1 , 5 , 7 , 0 , 1 , 2 , 86 , 0 , 0 , 0 , 0 , 2 , 0 , 0 , 6 , 0 , 2 , 20 , 21 , 1 , 39 , 3 , 0 , 2 , 7 , 0 , 4 , 45 , 8 , 1 , 2 , 0 , 11 , 16 , 0 , 71 , 81 ],
[ 83 , 5 , 12 , 20 , 6 , 0 , 0 , 46 , 0 , 0 , 11 , 2 , 0 , 0 , 59 , 35 , 0 , 1 , 0 , 6 , 0 , 0 , 1 , 0 , 6 , 43 , 19 , 0 , 27 , 1 , 0 , 4 , 0 , 0 , 5 , 13 , 3 , 0 , 0 , 0 , 24 , 7 , 1 , 39 , 17 ],
[ 248 , 7 , 10 , 60 , 43 , 0 , 0 , 279 , 0 , 2 , 8 , 0 , 0 , 1 , 64 , 27 , 0 , 0 , 1 , 4 , 0 , 0 , 2 , 0 , 2 , 271 , 81 , 0 , 62 , 1 , 0 , 2 , 0 , 2 , 7 , 8 , 8 , 0 , 1 , 4 , 10 , 10 , 0 , 45 , 37 ],
[ 166 , 0 , 12 , 47 , 64 , 0 , 1 , 63 , 0 , 2 , 10 , 2 , 0 , 3 , 40 , 11 , 0 , 0 , 0 , 8 , 0 , 1 , 2 , 1 , 3 , 187 , 96 , 0 , 41 , 2 , 0 , 4 , 7 , 1 , 2 , 41 , 2 , 1 , 1 , 2 , 26 , 15 , 0 , 191 , 163 ],
[ 189 , 15 , 21 , 17 , 14 , 0 , 1 , 79 , 0 , 4 , 8 , 0 , 0 , 0 , 75 , 0 , 1 , 0 , 2 , 7 , 3 , 0 , 2 , 0 , 1 , 175 , 6 , 1 , 17 , 6 , 0 , 2 , 0 , 0 , 11 , 30 , 8 , 0 , 0 , 1 , 15 , 8 , 0 , 39 , 104 ],
[ 100 , 2 , 5 , 3 , 5 , 0 , 0 , 89 , 0 , 2 , 2 , 0 , 0 , 2 , 25 , 5 , 0 , 0 , 0 , 0 , 0 , 0 , 2 , 0 , 2 , 235 , 4 , 0 , 12 , 3 , 0 , 3 , 1 , 0 , 0 , 33 , 3 , 0 , 0 , 0 , 3 , 3 , 0 , 49 , 52 ],
[ 91 , 1 , 8 , 69 , 48 , 1 , 0 , 82 , 3 , 3 , 3 , 0 , 0 , 1 , 20 , 0 , 4 , 0 , 4 , 4 , 0 , 0 , 1 , 0 , 1 , 58 , 81 , 1 , 62 , 7 , 0 , 5 , 0 , 1 , 6 , 62 , 5 , 0 , 0 , 1 , 13 , 9 , 1 , 40 , 21 ],
[ 334 , 8 , 16 , 46 , 83 , 0 , 0 , 178 , 0 , 0 , 10 , 0 , 0 , 0 , 118 , 0 , 0 , 1 , 0 , 11 , 0 , 0 , 5 , 0 , 2 , 145 , 78 , 0 , 49 , 5 , 0 , 1 , 4 , 2 , 4 , 25 , 4 , 0 , 0 , 0 , 18 , 20 , 0 , 143 , 138 ],
[ 123 , 18 , 18 , 46 , 36 , 0 , 0 , 60 , 2 , 2 , 7 , 0 , 0 , 2 , 63 , 4 , 0 , 2 , 0 , 10 , 0 , 0 , 3 , 0 , 2 , 57 , 30 , 0 , 59 , 2 , 0 , 2 , 6 , 0 , 6 , 33 , 3 , 0 , 2 , 0 , 23 , 14 , 1 , 96 , 107 ]
];
basic_unit_contiguity = [
[ 1 , 0 , 0 , 0 , 1 , 0 , 1 , 1 , 1 , 1 ],
[ 0 , 1 , 0 , 0 , 0 , 1 , 0 , 0 , 0 , 0 ],
[ 0 , 0 , 1 , 1 , 1 , 0 , 1 , 0 , 0 , 0 ],
[ 0 , 0 , 1 , 1 , 1 , 0 , 1 , 0 , 0 , 0 ],
[ 1 , 0 , 1 , 1 , 1 , 0 , 1 , 0 , 0 , 0 ],
[ 0 , 1 , 0 , 0 , 0 , 1 , 1 , 1 , 0 , 0 ],
[ 1 , 0 , 1 , 1 , 1 , 1 , 1 , 1 , 0 , 0 ],
[ 1 , 0 , 0 , 0 , 0 , 1 , 1 , 1 , 1 , 0 ],
[ 1 , 0 , 0 , 0 , 0 , 0 , 0 , 1 , 1 , 1 ],
[ 1 , 0 , 0 , 0 , 0 , 0 , 0 , 0 , 1 , 1 ]
];
d_max = 1000000000;
tau = 1000000000;
weight_compactness = 0;
weight_balance = 1;
output_loc = "../../../../data/test_distr0/model_output";
